,Cities,Country,Latitude,Longitude,Temperature,Cloudiness,Humidity,Windspeed (mph)
1,mackay,AU,-21.15,149.2,83.89,20,100,9.22
2,progress,US,40.2851,-76.8314,36.46,0,56,6.98
5,dicabisagan,PH,17.0818,122.4157,74.71,92,100,12.24
6,anadyr,RU,64.75,177.4833,13.62,88,85,7.54
7,touros,BR,-5.1989,-35.4609,78.31,92,92,7.09
8,kapoeta,SS,4.7717,33.5903,72.08,0,48,8.99
9,noumea,NC,-22.2764,166.4572,87.64,32,83,12.01
11,jutai,BR,-5.1834,-68.9001,78.38,68,92,3.96
12,albany,US,42.6526,-73.7563,29.01,0,59,4.97
13,coihaique,CL,-45.5753,-72.0662,48,0,64,3.18
15,iskateley,RU,67.6803,53.1512,18.9,88,85,12.12
16,nola,IT,40.922,14.5329,45.19,92,100,4.41
17,hope,US,33.6671,-93.5916,34.32,36,44,5.53
19,busselton,AU,-33.6501,115.3333,81.84,44,76,1.95
21,vao,NC,-22.6667,167.4833,75.85,0,100,12.91
25,vostok,RU,46.4856,135.8833,-4.35,12,50,2.95
26,mahebourg,MU,-20.4081,57.7,76.39,64,85,7.43
27,ouesso,CG,1.6136,16.0517,72.57,68,97,3.62
28,carlsbad,US,33.1581,-117.3506,68.74,0,90,9.66
29,stornoway,GB,58.2093,-6.3865,40.67,76,85,34.72
30,longyearbyen,SJ,78.2186,15.6401,24.85,56,92,9.66
32,caravelas,BR,-17.7126,-39.2482,76.89,92,100,8.88
33,cherskiy,RU,68.75,161.3,-12.52,32,60,2.39
34,mogzon,RU,51.7435,111.9606,22.23,76,62,13.69
36,katherine,AU,-14.4667,132.2667,96.94,0,68,3.74
38,aklavik,CA,68.2191,-135.0108,5.2,32,49,6.64
40,turlock,US,37.4947,-120.8466,37.74,0,80,2.62
42,manaure,CO,11.7751,-72.4445,82.97,8,95,21.74
43,huilong,CN,31.8111,121.655,52.05,0,89,16.93
45,alyangula,AU,-13.8484,136.4192,93.33,0,80,9.66
48,shubarshi,KZ,48.5872,57.1869,24.83,76,95,4.74
49,bubaque,GW,11.2833,-15.8334,79.5,0,100,12.68
51,hambantota,LK,6.1241,81.1185,77.65,68,100,3.51
52,weymouth,US,42.2209,-70.9398,35.27,12,100,11.68
53,lerwick,GB,60.1545,-1.1495,43.82,36,100,45.57
54,toora-khem,RU,52.4675,96.11,-1.95,8,68,1.05
55,severo-yeniseyskiy,RU,60.3725,93.0408,20.15,80,73,4.74
57,tiarei,PF,-17.5334,-149.3334,82.74,20,97,10.78
58,keflavik,IS,64.0049,-22.5625,33.83,0,100,13.02
61,kipushi,CD,-11.7667,27.2333,61.82,44,97,6.87
63,coquimbo,CL,-29.9534,-71.3437,57.72,0,100,4.97
64,kimbe,PG,-5.5503,150.1429,81.08,80,100,3.96
69,masuguru,TZ,-11.3667,38.4167,71.72,0,89,5.08
71,fortuna,US,40.5982,-124.1573,47.78,20,88,3.74
72,mushie,CD,-3.0167,16.9,73.38,44,99,2.62
73,waverley,ZA,-25.7023,28.2591,52.21,0,95,4.18
75,lisakovsk,KZ,52.5369,62.4936,21.9,92,88,9.44
76,chapleau,CA,47.8405,-83.4034,9.8,76,78,3.4
77,swindon,GB,51.558,-1.7812,37.35,64,85,18.05
78,kovdor,RU,67.5662,30.4758,3.2,76,82,4.97
79,ocos,GT,14.5094,-92.1934,83.78,8,100,5.3
81,bykovo,RU,55.6361,38.0803,19.13,64,83,2.73
82,shingu,JP,33.7333,135.9833,49.4,92,100,21.52
84,nobres,BR,-14.7203,-56.3275,76.89,8,91,2.73
85,darnah,LY,32.767,22.6367,61.83,68,100,3.18
87,salalah,OM,17.0151,54.0924,71.04,0,100,7.99
88,ostashkov,RU,57.1467,33.1075,21.58,68,89,17.49
90,wanganui,NZ,-39.9334,175.05,71.53,0,76,9.78
91,oistins,BB,13.0667,-59.5334,81.48,92,98,17.38
92,ostersund,SE,63.1792,14.6357,35.13,48,80,13.69
93,chuy,UY,-33.6971,-53.4617,62.94,0,94,2.95
96,taltal,CL,-25.4,-70.4834,52.68,0,77,1.83
98,navahrudak,BY,53.6,25.8333,33.78,88,92,12.68
99,pacifica,US,37.6138,-122.487,50.52,12,84,5.19
100,ilulissat,GL,69.2167,-51.1,35.64,88,84,14.03
101,yerbogachen,RU,61.2767,108.0108,-13.38,24,61,6.98
102,pitimbu,BR,-7.4706,-34.8087,78.6,92,99,9.78
106,deputatskiy,RU,69.3,139.9,-7.01,48,61,3.4
107,faanui,PF,-16.4834,-151.75,82.2,64,99,15.82
110,copiapo,CL,-27.3667,-70.3334,55.11,0,71,1.72
111,champerico,GT,14.3,-91.9167,75.23,0,95,2.73
112,marystown,CA,47.1666,-55.1483,30.54,0,100,7.09
114,saint-georges,CA,46.6247,-72.6578,26.85,92,80,2.95
115,blaubeuren,DE,48.4122,9.7843,41.63,92,94,15.48
116,timbiras,BR,-4.2553,-43.9406,74.5,56,97,3.18
117,wanning,CN,18.8003,110.3967,72.23,12,100,28.45
118,evansville,US,37.9748,-87.5559,18.21,12,81,5.19
119,loiza,PR,18.4313,-65.8802,80.18,48,100,17.27
120,jaciara,BR,-15.9653,-54.9684,75.32,8,92,2.73
121,pirenopolis,BR,-15.8525,-48.9592,68.88,12,96,2.17
124,antsohihy,MG,-14.8796,47.9875,74.19,48,95,4.74
125,vestmannaeyjar,IS,63.4427,-20.2734,24.48,0,100,11.45
126,souillac,MU,-20.5167,57.5167,76.39,64,85,7.43
127,bathsheba,BB,13.2167,-59.5167,81.48,92,98,17.38
128,kamyshin,RU,50.0983,45.416,26.01,48,95,12.12
129,chicama,PE,-7.8448,-79.147,65.33,12,88,1.61
131,bredasdorp,ZA,-34.5322,20.0403,63.93,0,93,6.87
132,khatanga,RU,71.9667,102.5,-19.59,68,29,1.95
133,tubinskiy,RU,52.8892,58.2225,20.16,88,89,3.96
134,broome,AU,-17.9667,122.2333,98.06,8,68,0.94
136,carnarvon,AU,-24.8667,113.6333,86.56,0,64,13.8
137,monrovia,LR,6.3005,-10.797,81.12,0,100,7.65
138,lahaina,US,20.8783,-156.6825,74.73,0,71,3.74
139,hopelchen,MX,19.7667,-89.85,73.43,76,88,2.39
140,tefe,BR,-3.3542,-64.7114,75.05,64,95,4.74
141,saint-pierre,RE,-21.3394,55.4781,78.33,12,100,5.97
142,abha,SA,18.2164,42.5053,49.44,0,83,2.39
143,eureka,US,40.8021,-124.1637,47.78,20,88,3.74
144,nemours,FR,48.2751,2.6908,39.68,8,92,12.01
146,cordoba,AR,-31.4135,-64.1811,68.75,8,47,8.66
147,dingle,PH,10.9995,122.6711,89.87,20,81,5.64
148,quzhou,CN,28.9594,118.8686,57.11,0,57,5.3
149,hofn,IS,64.2539,-15.2082,29.41,0,100,30.36
150,palmer,US,42.1584,-72.3287,31.03,0,63,4.29
152,rumoi,JP,43.9344,141.6428,27.08,80,100,6.31
155,kisangani,CD,0.5167,25.2,69.83,88,100,2.62
156,khandyga,RU,62.6667,135.6,-38.35,20,0,2.51
157,cidreira,BR,-30.1812,-50.2056,63.03,0,95,3.4
159,khartoum,SD,15.5518,32.5324,71.53,0,52,13.24
161,englewood,US,39.6478,-104.9878,30.87,92,68,9.1
162,nabire,ID,-3.3667,135.4833,85.87,24,72,1.95
163,birao,CF,10.2849,22.7882,66.95,0,52,15.93
164,mingshui,CN,36.7167,117.5,56.77,0,32,10
165,koumac,NC,-20.5667,164.2833,78.47,88,97,6.08
166,velsk,RU,61.0701,42.0983,15.38,64,85,3.4
167,araouane,ML,18.9048,-3.5265,55.47,0,40,11.34
168,victoria,CA,48.4329,-123.3694,32.48,0,100,2.17
169,hailar,CN,49.2,119.7,13.75,0,63,6.64
170,provideniya,RU,64.3833,-173.3001,26.18,24,100,12.24
171,vilyuysk,RU,63.7553,121.6247,-22.67,64,35,5.53
173,kathu,TH,7.9178,98.3332,81.93,24,100,7.31
174,kavieng,PG,-2.5745,150.7967,82.89,88,100,7.09
175,oriximina,BR,-1.7656,-55.8662,79.37,64,78,1.16
177,egvekinot,RU,66.3167,-179.1667,8.31,80,77,2.39
178,beringovskiy,RU,63.05,179.3167,13.64,32,100,13.47
183,lagoa,PT,39.05,-27.9834,67.71,76,94,25.32
185,saldanha,ZA,-33.0117,17.9442,62.67,0,89,7.43
186,tecoanapa,MX,16.5167,-98.75,66.99,0,100,2.39
187,kjollefjord,NO,70.9457,27.3465,11.55,44,100,14.58
188,naze,JP,28.3667,129.4833,62.13,92,100,25.32
189,qingdao,CN,36.0986,120.3719,37.7,0,100,16.37
192,arlit,NE,18.7369,7.3853,54.03,0,55,6.64
194,berlevag,NO,70.8578,29.0864,0.93,24,100,8.1
195,esperance,AU,-33.8667,121.9,83.55,0,54,7.2
196,karabuk,TR,41.2049,32.6277,25.37,0,84,1.95
197,ludvika,SE,60.1496,15.1878,37.97,92,87,14.14
198,coahuayana,MX,18.7333,-103.6834,77.25,0,100,1.72
201,asasa,ET,7.1,39.2,40.82,12,94,3.96
202,dickinson,US,29.4608,-95.0514,45.8,92,100,24.54
203,mitchell,US,43.7094,-98.0298,29.35,68,73,12.8
204,tiksi,RU,71.6872,128.8694,-24.56,44,40,2.73
205,gap,FR,44.5667,6.0833,29.28,92,100,2.17
206,negombo,LK,7.2083,79.8358,77.7,0,100,5.53
207,tucuma,BR,-0.1834,-50.05,80.31,8,94,9.78
209,castro,BR,-24.7912,-50.012,61.88,92,99,3.85
211,birjand,IR,32.8663,59.2211,46.38,64,28,12.46
212,zeya,RU,53.75,127.2667,-16.91,56,30,2.73
213,chumikan,RU,54.7183,135.315,-8.76,0,97,6.42
214,vaini,TO,-21.2001,-175.2,81.37,92,100,4.74
217,zhigansk,RU,66.7697,123.3711,-24.63,44,37,8.43
218,bambui,BR,-20.0064,-45.977,66.09,92,98,4.85
219,cayenne,GF,4.9333,-52.3334,78.33,76,91,4.18
222,vieux-habitants,GP,16.0589,-61.766,79.32,68,100,16.71
224,tocopilla,CL,-22.092,-70.198,57.63,36,95,2.39
225,goundi,TD,9.3627,17.366,67.64,64,52,6.64
227,tieling,CN,42.2931,123.8414,33.78,68,31,10.33
228,severo-kurilsk,RU,50.6789,156.125,31.96,44,100,7.76
233,hobart,AU,-42.8794,147.3294,58.3,12,64,7.99
234,tigil,RU,57.8,158.6667,6.4,48,82,2.95
236,samsun,TR,41.25,36.3333,49.89,80,100,10.78
237,aljezur,PT,37.3191,-8.8033,50.7,0,100,9.66
238,manzhouli,CN,49.6,117.4333,22.37,0,67,12.57
239,vanimo,PG,-2.6741,141.3028,85.39,32,100,13.24
241,maragogi,BR,-9.0123,-35.2225,76.26,100,95,7.65
243,namibe,AO,-15.1962,12.1522,71.04,44,100,7.2
244,nouadhibou,MR,20.931,-17.0347,63.21,0,76,19.51
245,petrolina,BR,-9.3987,-40.5009,82.52,0,34,10
246,weihai,CN,37.5017,122.1136,42.12,88,100,26.89
248,canoinhas,BR,-26.1773,-50.39,63.75,80,99,2.95
249,carballo,ES,43.213,-8.6911,53.08,80,98,2.17
250,sudogda,RU,55.9539,40.8629,21.36,80,90,4.18
251,jamestown,US,42.097,-79.2354,25.23,20,60,8.77
253,fomboni,KM,-12.28,43.7425,81.21,76,100,14.03
254,cuyo,PH,10.8525,121.0086,82.92,56,100,4.18
256,aksarka,RU,66.5606,67.7975,19.71,88,90,10.78
257,itirucu,BR,-13.5317,-40.1503,70.05,24,96,3.96
258,gamba,GA,-2.65,10,73.49,92,99,4.41
259,shiraz,IR,29.6036,52.5388,42.15,76,91,4.97
260,forbes,AU,-33.3834,148.0167,72.46,12,100,8.55
262,narsaq,GL,60.9167,-46.05,34.02,92,86,18.05
263,kodiak,US,57.79,-152.4073,40.93,88,100,11.9
264,kaeo,NZ,-35.1,173.7833,73.38,0,55,10.56
265,xiantao,CN,30.3833,113.4,51.71,20,66,5.75
266,atasu,KZ,48.6814,71.6433,15.21,48,68,15.14
267,srandakan,ID,-7.9387,110.2506,89.82,0,78,9.1
268,peniche,PT,39.3558,-9.3812,59.48,68,99,7.76
269,mariinsk,RU,56.2139,87.7472,18.57,68,85,4.29
270,tual,ID,-5.6667,132.75,84.77,8,100,5.3
271,saskylakh,RU,71.9167,114.0833,-11.81,64,58,5.75
273,lompoc,US,34.6391,-120.458,49.8,0,100,5.41
276,bend,US,44.0582,-121.3154,13.85,0,84,2.95
277,vaitape,PF,-16.5167,-151.75,83.28,48,95,14.58
278,wenling,CN,28.3669,121.36,53.22,0,100,15.7
280,ust-kuyga,RU,70.0167,135.6,-32.91,32,0,2.95
281,terrak,NO,65.087,12.3715,39.25,48,84,9.78
282,biloela,AU,-24.4167,150.5,90.37,48,54,8.32
284,sisimiut,GL,66.9395,-53.6735,30.5,80,93,2.95
285,sibu,MY,2.3,111.8167,90.34,8,77,3.74
286,syava,RU,58.0146,46.3222,20.37,80,90,4.41
288,labuhan,ID,-6.8844,112.2051,83.91,0,100,7.76
291,grindavik,IS,63.8424,-22.4338,34.59,0,100,15.82
292,gasa,BT,27.9037,89.7269,29.79,0,64,1.72
295,chateaudun,FR,48.0833,1.3333,36.66,0,92,10.89
297,yulara,AU,-25.2407,130.9889,85.86,0,34,11.23
298,buraydah,SA,26.326,43.975,43.59,0,57,7.43
299,bluff,NZ,-46.6,168.3333,65.91,92,88,2.73
300,lamar,US,38.0872,-102.6208,23.03,48,58,11.56
301,kyren,RU,51.6828,102.1408,1.29,0,55,2.28
303,honiara,SB,-9.4334,159.95,88.02,48,86,0.38
305,poum,NC,-20.2334,164.0167,79.28,24,100,15.82
306,vardo,NO,70.3705,31.1107,25.59,12,100,16.04
307,meulaboh,ID,4.1363,96.1285,84.78,24,100,2.28
308,svetlaya,RU,46.5389,138.3297,8.53,0,100,12.24
309,yumen,CN,40.2833,97.2,25,0,81,8.99
310,anjozorobe,MG,-18.4,47.8667,63.35,80,86,3.29
311,rikitea,PF,-23.1203,-134.9692,78.6,80,98,14.14
312,sahiwal,PK,31.9745,72.3309,44.31,0,82,4.63
313,lobito,AO,-12.3481,13.5456,68.61,48,92,2.62
314,nome,US,64.5011,-165.4064,15.55,32,79,2.62
316,gigmoto,PH,13.7796,124.39,84.69,64,98,4.63
317,qaqortoq,GL,60.7167,-46.0334,35.04,92,88,40.09
318,oktyabrskoye,RU,43.0645,44.7417,29.46,92,94,2.62
321,vila,PT,42.0304,-8.1588,49.14,92,100,1.72
322,lebu,CL,-37.6167,-73.6501,53.4,0,98,19.39
323,port-gentil,GA,-0.7194,8.7815,77.88,80,100,2.62
324,huarmey,PE,-10.0681,-78.1523,63.08,56,83,2.84
328,coronado,US,32.6859,-117.1831,67.23,0,72,12.24
330,licheng,CN,23.2955,113.8284,66.45,0,44,8.88
332,kieta,PG,-6.2167,155.6333,82.35,92,99,5.75
335,matara,LK,5.9485,80.5353,79.79,12,100,2.62
337,flinders,AU,-34.5834,150.8552,78.94,0,58,7.2
338,bowen,AU,-20.0167,148.2333,85.62,0,96,9.22
339,luderitz,NA,-26.6481,15.1594,60.94,44,97,6.98
341,sorong,ID,-0.8834,131.25,84.27,36,100,7.65
343,atar,MR,20.5169,-13.0499,53.72,0,39,12.46
346,zhongshu,CN,24.5167,103.7667,44.44,92,93,3.85
347,valdivia,CL,-39.8143,-73.2459,49.89,0,94,3.96
348,thompson,CA,55.7435,-97.8558,0.62,56,72,4.74
349,teya,RU,60.3778,92.6267,19.52,80,74,4.63
350,talnakh,RU,69.4865,88.3972,-6.36,36,73,2.62
351,maxixe,MZ,-23.8598,35.3472,73.56,92,98,15.03
352,burnie,AU,-41.0667,145.9167,60.75,12,100,20.74
353,ostrovnoy,RU,68.0531,39.5131,21.36,76,89,8.43
354,dourbali,TD,11.8091,15.8632,66.54,0,38,13.35
355,dalvik,IS,65.9702,-18.5287,26.06,68,100,6.98
356,waingapu,ID,-9.6567,120.2641,87.76,64,76,7.65
357,abomey,BJ,7.1829,1.9912,73.35,68,93,2.95
358,pengcheng,CN,36.4311,114.17,50.23,0,41,4.29
359,ahipara,NZ,-35.1667,173.1667,74.32,56,62,6.98
360,aasiaat,GL,68.7098,-52.8699,32.59,88,90,12.91
362,torbay,CA,47.6666,-52.7314,34.32,0,100,13.91
363,kinsale,IE,51.7075,-8.5306,46.38,24,100,28.79
364,sitka,US,57.0531,-135.3301,47.89,0,86,25.1
365,eyl,SO,7.9803,49.8164,72.75,12,100,17.27
366,dori,BF,14.0354,-0.0346,63.53,56,60,8.77
367,nakusp,CA,50.2499,-117.8023,14.75,0,86,1.72
368,colomi,BO,-17.35,-65.8667,51.64,32,95,1.72
370,paamiut,GL,61.994,-49.6678,37.8,48,87,53.62
371,kaseda,JP,31.4167,130.3167,52.1,76,100,31.92
372,boueni,YT,-12.9025,45.0761,82.02,32,100,11.9
373,imbituba,BR,-28.24,-48.6703,71.83,12,100,8.66
374,komsomolskiy,UZ,40.4272,71.7189,32.59,80,59,2.17
375,espanola,US,35.9911,-106.0806,13.58,0,55,3.51
376,ayan,RU,56.45,138.1667,3.96,68,100,5.97
378,esmeraldas,BR,-19.7626,-44.3139,66.6,64,98,6.98
380,uvat,RU,59.1433,68.8953,21.5,80,71,9.55
381,valparaiso,CL,-33.0394,-71.6273,54.84,8,99,2.73
383,bharatpur,IN,27.2167,77.4833,57.88,0,55,5.75
384,pevek,RU,69.7008,170.3133,17.65,80,92,12.68
385,isangel,VU,-19.55,169.2667,79.37,68,100,10
386,korla,CN,41.7597,86.1469,13.53,0,69,3.51
387,tabas,IR,33.5959,56.9244,42.38,76,50,1.95
388,husavik,IS,66.0449,-17.3389,26.51,68,100,15.03
389,pokaran,IN,26.9167,71.9167,47.32,0,61,4.63
390,kurumkan,RU,54.3,110.3,12.34,68,87,3.18
391,pangkalanbuun,ID,-2.6834,111.6167,93.76,0,86,7.2
392,kununurra,AU,-15.7667,128.7333,94.93,36,51,4.63
393,ixtapa,MX,20.7,-105.2,64.63,0,90,1.16
395,whyalla,AU,-33.0334,137.5833,67.59,36,90,11.79
396,tilichiki,RU,60.4667,166.1,-9.48,8,54,3.96
397,pisco,PE,-13.7,-76.2167,61.68,24,97,2.62
398,laguna,US,38.421,-121.4239,38.78,0,79,1.39
400,kamina,CD,-8.7387,24.9906,62.76,0,90,3.62
401,georgetown,GY,6.8045,-58.1553,80.85,92,69,5.75
402,bethel,US,41.3712,-73.4141,36.59,8,80,5.97
403,kamaishi,JP,39.2667,141.8833,48.36,92,67,10.22
404,kampot,KH,10.6167,104.1833,86.86,8,72,13.47
405,mokolo,CM,10.7398,13.8019,53.22,8,61,2.95
406,sept-iles,CA,50.2001,-66.3821,16.05,0,66,3.96
407,maceio,BR,-9.6659,-35.7353,73.7,44,91,8.55
409,yellowknife,CA,62.456,-114.3526,15.6,8,74,11.79
411,codrington,AU,-38.2667,141.9667,61.95,12,95,13.8
413,huron,US,44.3633,-98.2143,31.12,80,90,13.02
414,tuatapere,NZ,-46.1334,167.6833,66.87,92,78,2.84
415,malureni,RO,45.1,24.8,17.13,0,67,2.73
416,alofi,NU,-19.0596,-169.9187,79,92,100,7.76
417,gweta,BW,-20.1834,25.2333,65.6,92,82,17.27
418,ancud,CL,-41.8698,-73.8203,52.86,64,85,2.73
419,tadine,NC,-21.55,167.8833,79,88,94,14.03
420,hamilton,CA,43.2334,-79.9497,28.25,0,100,18.84
421,sterling,US,39.0062,-77.4286,36.53,80,56,9.22
423,yar-sale,RU,66.8333,70.8333,20.78,92,90,12.8
425,puri,IN,19.8,85.85,67.05,92,100,27.34
426,stephenville,US,32.2207,-98.2023,33.69,80,29,4.74
428,shimoda,JP,34.6667,138.95,53.76,92,100,14.58
429,kirakira,SB,-10.4545,161.9205,84.34,8,100,6.42
430,kupang,ID,-10.1667,123.5833,82.51,92,100,8.77
431,lewisporte,CA,49.2499,-55.0482,24.33,0,100,13.24
432,hilo,US,19.7297,-155.09,72.66,0,100,6.08
434,tiznit,MA,29.5833,-9.5,26.13,0,73,2.39
435,geraldton,AU,-28.7667,114.6,101.08,0,42,6.76
437,umba,RU,66.6871,34.3429,15.71,64,100,7.43
438,bilma,NE,18.6853,12.9164,53.18,0,66,3.18
439,tuktoyaktuk,CA,69.4541,-133.0375,9.98,76,100,12.24
441,samarai,PG,-10.6167,150.6667,84.76,24,100,8.66
444,ukiah,US,39.1502,-123.2078,41.25,12,96,2.17
446,gillette,US,44.2911,-105.5023,36.99,32,83,17.49
447,barrow,US,71.2906,-156.7888,6.21,36,100,27.34
448,karachi,PK,24.9056,67.0822,50.72,0,71,7.54
449,klaksvik,FO,62.2266,-6.5891,39.54,92,100,52.5
451,dunedin,NZ,-45.8742,170.5036,75.25,68,63,3.96
452,yichang,CN,30.7144,111.2847,46.45,8,74,2.84
453,aykhal,RU,66,111.5,-29.54,32,46,4.52
455,wanlaweyn,SO,2.6185,44.8938,66.18,0,83,7.43
457,sembe,CG,1.6481,14.5806,70.41,64,98,2.73
458,kruisfontein,ZA,-34.0034,24.7314,64.92,0,83,10.56
459,boyolangu,ID,-8.1181,111.8935,85.8,0,95,12.68
462,ekibastuz,KZ,51.6667,75.3667,3.38,20,68,10.78
463,lorengau,PG,-2.0226,147.2712,84.27,92,100,8.32
464,vestmanna,FO,62.1564,-7.1664,39.63,80,100,51.16
465,avarua,CK,-21.2078,-159.775,72.52,92,100,4.74
469,beyneu,KZ,45.3167,55.2,13.53,64,70,4.74
471,innisfail,AU,-17.5334,146.0333,85.24,8,65,3.4
476,vanavara,RU,60.34,102.2797,15.65,68,72,7.2
477,iranshahr,IR,27.2025,60.6848,26,0,50,3.62
478,maltahohe,NA,-24.8334,16.9833,54.57,0,91,4.74
481,makushino,RU,55.2103,67.2442,18.75,76,78,14.03
483,nanortalik,GL,60.1432,-45.2372,34.05,92,91,34.16
486,dikson,RU,73.5069,80.5464,-0.66,8,100,13.91
488,upernavik,GL,72.7868,-56.1549,33.85,92,84,25.99
489,pangnirtung,CA,66.1451,-65.7126,29.3,80,79,8.99
492,hasaki,JP,35.7333,140.8333,54.75,92,100,12.68
496,homer,US,59.6425,-151.5484,39.32,76,97,7.65
498,kroya,ID,-7.6331,109.2461,86.41,0,91,9.78
